Index	1,		2,		3,		4,		5,		6,		7,		8,		9,		10,		11,		12,		13,		14,		15,		16,		17,		18,		19,		20,		21,		22,		23,		24,		25,		26,		27,		28,		29,		30,		31,		32,		33,		34,		35,		36,		
1,	0,		16,381172,	16,095678,	83,38992,	19,295267,	19,807098,	20,452675,	19,817387,	19,302984,	22,101337,	20,285494,	18,914608,	21,867285,	19,575617,	84,75052,	86,0751,	88,96091,	88,30247,	88,30247,	27,034464,	16,828705,	87,87037,	88,4105,	89,91512,	89,076645,	83,21759,	19,21039,	17,63889,	20,270061,	17,618313,	17,700617,	25,275208,	15,997942,	17,451132,	17,134773,	16,286009,	
2,	16,381172,	0,		11,095678,	85,06944,	14,6862135,	17,026749,	19,727365,	16,669239,	17,481997,	22,05247,	16,640945,	16,51749,	16,152264,	16,195988,	86,548355,	86,96502,	89,64764,	89,295265,	89,295265,	26,3143,	11,880144,	88,03241,	88,786,		90,362656,	89,637344,	84,61677,	15,388374,	14,755659,	16,49177,	14,236111,	15,244341,	23,824589,	15,3137865,	15,468107,	10,640432,	10,789609,	
3,	16,095678,	11,095678,	0,		84,92798,	14,009773,	16,723251,	18,549383,	16,471193,	17,21965,	21,599794,	16,345163,	15,9362135,	16,712963,	16,31173,	86,6821,	86,81585,	89,603905,	89,1358,	89,1358,	26,116255,	12,379115,	88,17644,	88,81687,	90,27006,	89,32613,	84,670784,	15,455248,	13,82716,	15,94393,	13,71142,	13,888889,	23,8143,	15,177469,	14,42644,	11,463477,	10,745885,	
4,	83,38992,	85,06944,	84,92798,	0,		85,96193,	85,37037,	85,892494,	84,735085,	85,00257,	88,56224,	85,61729,	85,24434,	86,265434,	84,77366,	20,38323,	23,526236,	28,834877,	28,793726,	28,793726,	92,111626,	85,74846,	28,127571,	28,4465,	32,56687,	29,099794,	17,430555,	85,3858,	85,234055,	86,56378,	85,388374,	84,92284,	92,48714,	85,954216,	84,230965,	85,262344,	85,22634,	
5,	19,295267,	14,6862135,	14,009773,	85,96193,	0,		13,515946,	16,234568,	12,3148155,	13,009259,	19,794239,	12,255658,	12,528293,	13,230452,	11,846707,	87,96554,	88,479935,	91,47634,	91,239716,	91,239716,	23,72428,	15,599279,	90,41152,	91,03138,	92,65689,	91,40432,	86,40433,	15,655865,	15,138888,	15,57356,	14,745371,	15,506688,	21,985596,	15,39609,	15,846193,	15,748456,	14,96142,	
6,	19,807098,	17,026749,	16,723251,	85,37037,	13,515946,	0,		13,271605,	10,94393,	10,93107,	20,226337,	10,789609,	10,717592,	12,865226,	11,766975,	88,20473,	88,9249,	92,391975,	92,31738,	92,31738,	28,423353,	19,850822,	90,78189,	91,74383,	93,235596,	92,02675,	87,00617,	15,625,		16,432613,	19,31327,	16,9393,	15,290637,	26,54321,	19,27212,	13,693417,	19,161522,	18,582819,	
7,	20,452675,	19,727365,	18,549383,	85,892494,	16,234568,	13,271605,	0,		14,007202,	13,654836,	19,387861,	14,071502,	13,058127,	16,538065,	14,241256,	89,12809,	89,77881,	93,21502,	93,17387,	93,17387,	29,835392,	22,139917,	91,62809,	92,59259,	93,88374,	92,74435,	87,890945,	17,577162,	18,153292,	18,948046,	18,3179,	16,322018,	28,22788,	19,866255,	14,750515,	21,766975,	20,48611,	
8,	19,817387,	16,669239,	16,471193,	84,735085,	12,3148155,	10,94393,	14,007202,	0,		9,696503,	19,85854,	10,403807,	10,036008,	12,716049,	10,977366,	87,926956,	88,99691,	92,24537,	91,954735,	91,954735,	26,401749,	19,243828,	90,87963,	91,52778,	93,143005,	91,97788,	86,736115,	15,717593,	16,406895,	18,708847,	16,450617,	15,43467,	25,221193,	18,726852,	14,279835,	18,467077,	17,548868,	
9,	19,302984,	17,481997,	17,21965,	85,00257,	13,009259,	10,93107,	13,654836,	9,696503,	0,		19,542181,	11,028807,	9,830247,	13,786009,	10,972222,	87,96296,	88,74743,	92,08591,	91,75411,	91,75411,	27,376545,	20,023148,	90,833336,	91,59722,	93,2253,	92,05504,	86,60494,	16,586933,	16,949589,	19,23611,	16,769548,	16,121399,	25,64043,	19,040638,	14,670782,	19,012346,	18,356482,	
10,	22,101337,	22,05247,	21,599794,	88,56224,	19,794239,	20,226337,	19,387861,	19,85854,	19,542181,	0,		19,580761,	19,498457,	21,015947,	19,578188,	90,25977,	90,47582,	93,078705,	92,90638,	92,90638,	24,207819,	22,479424,	92,27367,	92,76749,	93,97891,	93,176445,	89,06379,	22,304527,	20,77932,	23,037552,	21,1857,	20,52469,	22,278807,	23,477367,	19,614197,	22,713478,	22,484568,	
11,	20,285494,	16,640945,	16,345163,	85,61729,	12,255658,	10,789609,	14,071502,	10,403807,	11,028807,	19,580761,	0,		11,100822,	11,86214,	11,152264,	88,49794,	89,47273,	92,44342,	92,24023,	92,24023,	26,918724,	19,27212,	90,918205,	92,05504,	93,05813,	92,24023,	87,31739,	16,355452,	16,73354,	18,667694,	16,67181,	15,694444,	25,3678,	18,30247,	14,264403,	18,605967,	18,034979,	
12,	18,914608,	16,51749,	15,9362135,	85,24434,	12,528293,	10,717592,	13,058127,	10,036008,	9,830247,	19,498457,	11,100822,	0,		13,076131,	11,023663,	88,16358,	89,14609,	92,4357,	91,94702,	91,94702,	26,792696,	18,549383,	90,67387,	91,69239,	93,06585,	92,02675,	86,77469,	15,789609,	15,666153,	18,39249,	16,234568,	15,002573,	24,979424,	17,692902,	13,69856,	18,197016,	17,145061,	
13,	21,867285,	16,152264,	16,712963,	86,265434,	13,230452,	12,865226,	16,538065,	12,716049,	13,786009,	21,015947,	11,86214,	13,076131,	0,		12,746914,	89,390434,	89,87397,	92,81636,	92,703186,	92,703186,	27,425411,	19,238684,	91,40432,	92,25309,	93,33076,	92,327675,	87,21194,	16,525206,	17,150206,	19,117798,	17,556583,	16,59465,	25,879631,	19,41358,	16,129116,	18,487654,	17,849794,	
14,	19,575617,	16,195988,	16,31173,	84,77366,	11,846707,	11,766975,	14,241256,	10,977366,	10,972222,	19,578188,	11,152264,	11,023663,	12,746914,	0,		87,572014,	88,137856,	91,44033,	91,458336,	91,458336,	25,985083,	18,549383,	90,31379,	91,141975,	92,65947,	91,612656,	86,10082,	15,7278805,	15,833333,	18,004114,	15,632716,	15,3549385,	24,151234,	17,574589,	15,128601,	18,325619,	17,242798,	
15,	84,75052,	86,548355,	86,6821,	20,38323,	87,96554,	88,20473,	89,12809,	87,926956,	87,96296,	90,25977,	88,49794,	88,16358,	89,390434,	87,572014,	0,		12,824074,	18,029837,	17,5,		17,5,		90,769035,	86,394035,	16,882715,	17,044752,	21,820988,	18,171297,	14,750515,	86,9753,	86,41718,	87,80093,	86,13683,	86,231995,	91,612656,	87,17593,	86,56378,	86,46605,	86,30916,	
16,	86,0751,	86,96502,	86,81585,	23,526236,	88,479935,	88,9249,	89,77881,	88,99691,	88,74743,	90,47582,	89,47273,	89,14609,	89,87397,	88,137856,	12,824074,	0,		14,143519,	13,330761,	13,330761,	90,97479,	86,12912,	12,083333,	12,888375,	18,197016,	13,829732,	18,222736,	87,857506,	87,38168,	88,78858,	87,11934,	87,02932,	92,31738,	87,77778,	87,391975,	86,46348,	86,71811,	
17,	88,96091,	89,64764,	89,603905,	28,834877,	91,47634,	92,391975,	93,21502,	92,24537,	92,08591,	93,078705,	92,44342,	92,4357,	92,81636,	91,44033,	18,029837,	14,143519,	0,		7,170782,	7,170782,	92,75977,	88,24331,	10,105453,	7,7057614,	11,610083,	7,8060703,	21,723251,	90,424385,	89,87397,	90,87191,	89,84568,	89,6785,	94,210396,	90,11574,	90,169754,	88,59567,	88,78344,	
18,	88,30247,	89,295265,	89,1358,	28,793726,	91,239716,	92,31738,	93,17387,	91,954735,	91,75411,	92,90638,	92,24023,	91,94702,	92,703186,	91,458336,	17,5,		13,330761,	7,170782,	0,		0,		92,299385,	87,80093,	9,562757,	7,5848765,	11,363169,	8,629115,	21,448046,	90,46811,	89,771095,	91,16512,	89,413574,	89,75308,	93,986626,	90,03343,	89,86883,	88,31019,	88,5108,	
19,	88,30247,	89,295265,	89,1358,	28,793726,	91,239716,	92,31738,	93,17387,	91,954735,	91,75411,	92,90638,	92,24023,	91,94702,	92,703186,	91,458336,	17,5,		13,330761,	7,170782,	0,		0,		92,299385,	87,80093,	9,562757,	7,5848765,	11,363169,	8,629115,	21,448046,	90,46811,	89,771095,	91,16512,	89,413574,	89,75308,	93,986626,	90,03343,	89,86883,	88,31019,	88,5108,	
20,	27,034464,	26,3143,	26,116255,	92,111626,	23,72428,	28,423353,	29,835392,	26,401749,	27,376545,	24,207819,	26,918724,	26,792696,	27,425411,	25,985083,	90,769035,	90,97479,	92,75977,	92,299385,	92,299385,	0,		23,15072,	92,22736,	92,43056,	93,69856,	93,20988,	90,33694,	26,010803,	24,511316,	25,03858,	23,587963,	25,352365,	16,409466,	23,623972,	28,052982,	25,25206,	25,213476,	
21,	16,828705,	11,880144,	12,379115,	85,74846,	15,599279,	19,850822,	22,139917,	19,243828,	20,023148,	22,479424,	19,27212,	18,549383,	19,238684,	18,549383,	86,394035,	86,12912,	88,24331,	87,80093,	87,80093,	23,15072,	0,		87,14764,	87,61832,	89,2464,	88,15843,	84,83796,	16,83642,	15,997942,	17,134773,	14,781378,	16,751543,	22,18107,	14,801955,	17,114199,	11,481482,	11,32716,	
22,	87,87037,	88,03241,	88,17644,	28,127571,	90,41152,	90,78189,	91,62809,	90,87963,	90,833336,	92,27367,	90,918205,	90,67387,	91,40432,	90,31379,	16,882715,	12,083333,	10,105453,	9,562757,	9,562757,	92,22736,	87,14764,	0,		8,253601,	13,060699,	9,519033,	20,943932,	89,90227,	89,202675,	89,98971,	89,03807,	89,0535,	93,551956,	89,22325,	88,61883,	87,40484,	87,63117,	
23,	88,4105,	88,786,		88,81687,	28,4465,	91,03138,	91,74383,	92,59259,	91,52778,	91,59722,	92,76749,	92,05504,	91,69239,	92,25309,	91,141975,	17,044752,	12,888375,	7,7057614,	7,5848765,	7,5848765,	92,43056,	87,61832,	8,253601,	0,		12,569444,	7,790638,	21,1857,	90,262344,	89,61677,	91,0108,	89,47531,	89,36986,	94,02778,	89,884254,	89,58591,	87,99897,	88,451645,	
24,	89,91512,	90,362656,	90,27006,	32,56687,	92,65689,	93,235596,	93,88374,	93,143005,	93,2253,	93,97891,	93,05813,	93,06585,	93,33076,	92,65947,	21,820988,	18,197016,	11,610083,	11,363169,	11,363169,	93,69856,	89,2464,	13,060699,	12,569444,	0,		11,92644,	24,89712,	91,85442,	91,29115,	92,075615,	91,21399,	91,111115,	94,68622,	90,96193,	91,0571,	89,49589,	89,72994,	
25,	89,076645,	89,637344,	89,32613,	29,099794,	91,40432,	92,02675,	92,74435,	91,97788,	92,05504,	93,176445,	92,24023,	92,02675,	92,327675,	91,612656,	18,171297,	13,829732,	7,8060703,	8,629115,	8,629115,	93,20988,	88,15843,	9,519033,	7,790638,	11,92644,	0,		21,846706,	90,5607,	89,99485,	91,31173,	89,801956,	89,84311,	94,67593,	90,61986,	90,02058,	88,67541,	89,00463,	
26,	83,21759,	84,61677,	84,670784,	17,430555,	86,40433,	87,00617,	87,890945,	86,736115,	86,60494,	89,06379,	87,31739,	86,77469,	87,21194,	86,10082,	14,750515,	18,222736,	21,723251,	21,448046,	21,448046,	90,33694,	84,83796,	20,943932,	21,1857,	24,89712,	21,846706,	0,		84,90741,	84,295265,	85,29321,	84,34156,	84,15895,	90,01286,	85,28035,	85,110596,	84,90998,	84,5679,	
27,	19,21039,	15,388374,	15,455248,	85,3858,	15,655865,	15,625,		17,577162,	15,717593,	16,586933,	22,304527,	16,355452,	15,789609,	16,525206,	15,7278805,	86,9753,	87,857506,	90,424385,	90,46811,	90,46811,	26,010803,	16,83642,	89,90227,	90,262344,	91,85442,	90,5607,	84,90741,	0,		11,350308,	15,915638,	12,62603,	11,496914,	22,996399,	18,36677,	17,242798,	16,028807,	15,982511,	
28,	17,63889,	14,755659,	13,82716,	85,234055,	15,138888,	16,432613,	18,153292,	16,406895,	16,949589,	20,77932,	16,73354,	15,666153,	17,150206,	15,833333,	86,41718,	87,38168,	89,87397,	89,771095,	89,771095,	24,511316,	15,997942,	89,202675,	89,61677,	91,29115,	89,99485,	84,295265,	11,350308,	0,		15,300926,	11,154836,	10,797325,	22,19393,	16,988169,	16,013374,	15,609569,	14,706791,	
29,	20,270061,	16,49177,	15,94393,	86,56378,	15,57356,	19,31327,	18,948046,	18,708847,	19,23611,	23,037552,	18,667694,	18,39249,	19,117798,	18,004114,	87,80093,	88,78858,	90,87191,	91,16512,	91,16512,	25,03858,	17,134773,	89,98971,	91,0108,	92,075615,	91,31173,	85,29321,	15,915638,	15,300926,	0,		14,5190325,	16,368313,	22,07819,	15,635288,	19,320988,	17,505144,	16,800411,	
30,	17,618313,	14,236111,	13,71142,	85,388374,	14,745371,	16,9393,	18,3179,	16,450617,	16,769548,	21,1857,	16,67181,	16,234568,	17,556583,	15,632716,	86,13683,	87,11934,	89,84568,	89,413574,	89,413574,	23,587963,	14,781378,	89,03807,	89,47531,	91,21399,	89,801956,	84,34156,	12,62603,	11,154836,	14,5190325,	0,		11,661523,	21,55607,	16,265432,	15,85391,	14,945989,	14,421296,	
31,	17,700617,	15,244341,	13,888889,	84,92284,	15,506688,	15,290637,	16,322018,	15,43467,	16,121399,	20,52469,	15,694444,	15,002573,	16,59465,	15,3549385,	86,231995,	87,02932,	89,6785,	89,75308,	89,75308,	25,352365,	16,751543,	89,0535,	89,36986,	91,111115,	89,84311,	84,15895,	11,496914,	10,797325,	16,368313,	11,661523,	0,		23,050411,	17,348251,	14,591048,	16,260288,	15,414095,	
32,	25,275208,	23,824589,	23,8143,	92,48714,	21,985596,	26,54321,	28,22788,	25,221193,	25,64043,	22,278807,	25,3678,	24,979424,	25,879631,	24,151234,	91,612656,	92,31738,	94,210396,	93,986626,	93,986626,	16,409466,	22,18107,	93,551956,	94,02778,	94,68622,	94,67593,	90,01286,	22,996399,	22,19393,	22,07819,	21,55607,	23,050411,	0,		20,98251,	27,247942,	23,119856,	23,690844,	
33,	15,997942,	15,3137865,	15,177469,	85,954216,	15,39609,	19,27212,	19,866255,	18,726852,	19,040638,	23,477367,	18,30247,	17,692902,	19,41358,	17,574589,	87,17593,	87,77778,	90,11574,	90,03343,	90,03343,	23,623972,	14,801955,	89,22325,	89,884254,	90,96193,	90,61986,	85,28035,	18,36677,	16,988169,	15,635288,	16,265432,	17,348251,	20,98251,	0,		19,074074,	15,941358,	15,084876,	
34,	17,451132,	15,468107,	14,42644,	84,230965,	15,846193,	13,693417,	14,750515,	14,279835,	14,670782,	19,614197,	14,264403,	13,69856,	16,129116,	15,128601,	86,56378,	87,391975,	90,169754,	89,86883,	89,86883,	28,052982,	17,114199,	88,61883,	89,58591,	91,0571,	90,02058,	85,110596,	17,242798,	16,013374,	19,320988,	15,85391,	14,591048,	27,247942,	19,074074,	0,		17,101337,	15,545267,	
35,	17,134773,	10,640432,	11,463477,	85,262344,	15,748456,	19,161522,	21,766975,	18,467077,	19,012346,	22,713478,	18,605967,	18,197016,	18,487654,	18,325619,	86,46605,	86,46348,	88,59567,	88,31019,	88,31019,	25,25206,	11,481482,	87,40484,	87,99897,	89,49589,	88,67541,	84,90998,	16,028807,	15,609569,	17,505144,	14,945989,	16,260288,	23,119856,	15,941358,	17,101337,	0,		10,653293,	
36,	16,286009,	10,789609,	10,745885,	85,22634,	14,96142,	18,582819,	20,48611,	17,548868,	18,356482,	22,484568,	18,034979,	17,145061,	17,849794,	17,242798,	86,30916,	86,71811,	88,78344,	88,5108,	88,5108,	25,213476,	11,32716,	87,63117,	88,451645,	89,72994,	89,00463,	84,5679,	15,982511,	14,706791,	16,800411,	14,421296,	15,414095,	23,690844,	15,084876,	15,545267,	10,653293,	0,		
